/**:
  ros__parameters:
    wheel_radius: 0.033
    track_width: 0.16
    motor_cmd_max: 265.0
    motor_cmd_per_rad_sec: 0.024
    encoder_ticks_per_rad: 651.898160011
    collision_radius: 0.11
 
    input_noise: 0.3
    slip_fraction: 0.4
    basic_sensor_variance: 0.0001
    time_increment: 0.0005592841189354658
    scan_time: 0.20134228467941284
    
    angle_min: 0.0
    angle_max: 6.2657318115234375
    range_max: 3.5
    range_min: 0.11999999731779099